 2 33  2  0  2
 2 33  1  0  3
 2 33  0  0  4
 2 34  2  0  5
 2 34  1  0  6
 2 34  0  0  7
 2 35  2  1  2
 2 35  1  1  3
 2 35  0  1  4
 2 36  2  1  5
 2 36  1  1  6
 2 36  0  1  7
 2 37  2  2  2
 2 37  1  2  3
 2 37  0  2  4
 2 38  2  2  5
 2 38  1  2  6
 2 38  0  2  7
 2 39  2  3  2
 2 39  1  3  3
 2 39  0  3  4
 2 40  2  3  5
 2 40  1  3  6
 2 40  0  3  7
 2 41  2  4  2
 2 41  1  4  3
 2 41  0  4  4
 2 42  2  4  5
 2 42  1  4  6
 2 42  0  4  7
 2 43  2  5  2
 2 43  1  5  3
 2 43  0  5  4
 2 44  2  5  5
 2 44  1  5  6
 2 44  0  5  7
 2 45  2  6  2
 2 45  1  6  3
 2 45  0  6  4
 2 46  2  6  5
 2 46  1  6  6
 2 46  0  6  7
 2 47  2  7  2
 2 47  1  7  3
 2 47  0  7  4
 2 48  2  7  5
 2 48  1  7  6
 2 48  0  7  7
 2 49  2  5  1
 2 49  1  4  1
 2 49  0  3  1
 2 50  2  2  1
 2 50  1  1  1
 2 50  0  0  1
